FLOWS	STATE	ADR	CLK	CIR	WR	CB	CD	CBA	BUS	DAD	SPS	ALU	SBC	SBM	SDM	SBA	UBF	SRX	RIF	UPF	MM

01	FET01	000	3	0	0	0	0	1	1	00	0	00	00	00	0	1	00	01	07	001	17
01	FET03	001	2	1	3	1	0	0	0	00	0	00	00	00	1	0	00	01	13	004	17
10	SER01	002	6	0	0	0	0	0	0	00	0	00	00	00	0	0	26	01	13	015	17
04	MOV21	003	4	0	0	0	1	0	0	00	0	32	00	05	2	0	27	00	00	204	17

01	FET04	004	4	0	0	0	1	1	1	00	0	11	02	17	0	0	37	01	07	005	17
01	FET05	005	2	0	3	0	0	0	0	00	0	00	00	00	2	0	00	01	07	100	17
10	SER04	006	6	0	0	0	0	0	0	00	0	00	00	00	0	0	26	01	13	015	17
06	TRP08	007	5	0	0	0	0	1	1	00	0	11	02	17	0	0	00	01	14	115	13

06	TRP06	010	6	0	3	0	1	0	0	00	0	32	00	17	2	0	11	01	14	216	17
11	CON01	011	6	0	0	0	0	1	0	00	0	00	00	00	2	1	00	01	07	255	17
10	SER06	012	3	0	0	0	0	0	2	00	0	00	00	00	0	0	00	01	13	020	17
01	FET00	013	3	0	0	0	0	1	1	00	0	00	00	00	0	1	00	01	07	001	17

10	SER09	014	3	0	0	0	0	0	0	00	0	00	00	00	0	0	00	01	13	022	17
10	SER05	015	2	0	0	0	0	0	0	00	0	00	00	00	0	0	00	01	13	010	17
01	FET02	016	3	0	0	0	0	1	1	00	0	00	00	00	0	0	00	01	07	001	17
10	SER02	017	6	0	0	0	0	0	0	00	0	00	00	00	2	0	26	01	13	015	17

10	SER07	020	4	0	0	0	0	0	2	00	0	00	00	00	0	0	25	01	13	021	17
10	SER08	021	2	0	0	0	0	0	0	00	0	00	00	00	0	0	00	01	13	014	17
10	SER10	022	6	0	3	1	0	0	0	00	0	00	00	00	1	0	07	01	14	023	17
10	SER11	023	2	0	0	0	0	0	0	00	0	00	00	00	0	0	00	01	14	006	17

11	CON03	024	4	0	0	0	1	0	0	00	0	00	00	00	2	0	00	01	00	026	17
06	RST01	025	7	0	0	0	0	0	0	00	0	00	00	00	2	0	02	00	00	040	17
11	CON04	026	6	0	0	0	0	0	0	00	0	00	00	00	2	0	06	00	00	046	17
11	CON07	027	4	0	0	0	1	0	0	00	0	32	14	17	2	0	00	00	00	044	17

11	CON05	030	6	0	0	0	0	0	0	00	0	00	00	00	2	0	00	00	00	315	17
12	EXM06	031	5	0	0	0	1	0	1	00	0	32	10	17	2	0	00	00	00	060	17
12	STA00	032	6	0	3	0	0	0	0	00	0	00	00	00	2	0	10	01	07	076	17
12	LAD03	033	4	0	0	0	1	0	0	00	0	23	00	00	2	0	00	00	00	030	17

12	DEP00	034	2	0	0	0	0	1	0	00	0	00	00	00	0	1	00	01	17	062	17
12	EXM00	035	2	0	0	0	0	1	0	00	0	00	00	00	0	1	00	01	17	053	17
12	CNT00	036	2	0	0	0	0	0	0	00	0	00	00	00	0	0	00	01	07	017	17
12	LAD00	037	5	0	0	0	0	1	1	00	0	32	10	17	1	0	00	00	00	051	17

06	RST02	040	2	0	0	0	0	0	0	00	0	00	00	00	2	0	00	00	00	042	17
11	CON02	041	7	0	0	0	0	0	2	00	7	00	00	00	2	0	00	00	00	024	17
06	RST04	042	2	0	0	0	0	0	0	00	0	00	00	00	2	0	00	00	00	011	17
06	RST03	043	2	0	0	0	0	0	0	00	0	00	00	00	2	0	00	00	00	016	17

11	CON08	044	6	0	3	0	0	0	0	00	0	00	00	00	2	0	12	01	15	047	17
11	CON10	045	6	0	0	0	0	0	0	00	0	00	00	00	0	0	30	01	07	050	17
11	CON06	046	2	0	0	0	0	0	0	00	0	00	00	00	2	0	00	00	00	026	17
11	CON09	047	6	0	3	0	1	0	0	00	0	11	01	17	2	0	00	01	15	044	17

11	CON11	050	6	0	0	0	1	0	0	00	0	00	00	00	0	0	00	01	17	030	17
12	LAD01	051	6	0	3	0	0	0	0	00	0	00	00	00	1	0	05	01	17	052	17
12	LAD02	052	4	0	0	0	1	1	0	00	0	00	00	00	2	1	00	01	17	032	17
12	EXM01	053	6	0	0	0	0	0	0	00	0	00	00	00	2	0	04	00	00	054	17

12	EXM02	054	6	0	3	0	1	1	0	00	0	11	07	17	2	0	00	01	17	056	17
12	EXM05	055	4	0	0	0	1	0	0	00	0	00	00	00	0	0	00	02	00	030	17
12	EXM04	056	6	0	0	0	0	0	0	01	0	00	00	00	0	0	04	01	17	055	17
12	EXM03	057	6	0	3	0	1	1	0	00	0	11	07	17	2	0	00	01	17	056	17

12	EXM07	060	2	0	0	1	0	0	0	00	0	00	00	00	1	0	00	00	00	061	17
12	EXM08	061	4	0	0	0	1	0	0	00	0	32	00	00	2	0	00	00	00	030	17
2	DEP01	062	6	0	0	0	0	0	0	00	0	00	00	00	2	0	03	00	00	063	17
12	DEP02	063	6	0	3	0	1	1	0	00	0	11	07	17	2	0	00	01	17	064	17

12	DEP03	064	6	0	3	0	1	1	0	00	0	11	07	17	2	0	00	01	17	065	17
12	DEP04	065	5	0	0	0	0	1	1	00	0	32	10	17	0	0	00	01	17	066	17
12	DEP05	066	2	0	0	1	0	0	0	00	0	00	00	00	1	0	00	00	00	067	17
12	DEP06	067	2	0	0	0	0	1	0	00	0	00	00	00	0	1	00	01	17	070	17

12	DEP07	070	6	0	0	0	1	0	0	01	0	32	00	00	2	0	03	00	00	071	17
12	DEP08	071	2	0	0	0	0	0	0	00	0	00	00	00	2	0	00	00	00	072	17
12	DEP09	072	3	0	0	0	0	0	5	00	0	00	00	00	2	0	00	00	00	030	17
12	DEP10	073	2	0	3	0	0	0	0	00	0	00	00	00	2	0	00	02	00	030	17

08	DOP21	074	2	0	0	1	0	0	0	00	3	00	00	00	2	0	00	00	00	366	17
09	SSL11	075	2	0	0	1	0	0	0	00	3	00	00	00	2	0	00	00	00	374	17
12	STA01	076	2	0	0	0	0	0	0	00	0	00	00	00	0	0	00	01	07	016	17
06	TRP15	077	2	0	0	0	0	0	0	00	0	00	00	00	0	0	00	01	10	140	13

01	FET07	100	2	0	0	0	0	0	0	00	0	00	00	00	0	0	00	01	13	126	17
06	RTI00	101	7	0	3	0	1	1	1	00	0	11	02	17	2	1	00	01	06	320	17
07	DOP02	102	2	0	0	1	0	0	0	00	0	00	00	00	0	0	31	04	00	364	17
07	DOP00	103	2	0	0	1	0	0	0	00	0	00	00	00	0	0	00	10	00	363	17

07	SSL02	104	4	0	0	0	1	0	0	14	0	00	00	00	0	0	31	04	00	373	17
07	SSL00	105	2	0	0	1	0	0	0	00	0	00	00	00	0	0	31	04	00	372	17
09	RSR00	106	6	0	0	1	1	0	0	00	1	00	00	00	3	0	00	04	00	271	17
09	RSR02	107	2	0	0	1	0	0	0	00	0	00	00	00	0	0	00	04	00	272	17

07	NBR00	110	2	0	0	0	0	0	0	00	0	00	00	00	0	0	16	01	13	347	17
07	BRA00	111	4	0	0	0	1	0	0	00	0	11	00	05	0	0	00	01	07	340	17
05	MRK00	112	6	0	0	1	1	0	0	00	0	11	00	00	2	0	00	01	13	353	17
06	TRP12	113	2	0	0	0	0	0	0	00	0	00	00	00	2	0	00	00	00	330	13

10	SER00	114	6	0	0	0	0	0	0	00	0	00	00	00	0	0	26	01	13	015	17
06	TRP09	115	2	0	3	0	0	0	0	00	0	00	00	00	1	0	00	01	10	326	11
07	CCC00	116	6	0	0	1	1	0	0	00	0	33	12	17	2	0	00	01	13	350	17
07	SCC00	117	6	0	0	1	1	0	0	00	0	33	12	17	2	0	16	01	13	352	17

08	DOP15	120	2	0	0	1	0	0	0	00	0	00	00	00	0	0	31	04	00	371	17
08	DOP13	121	2	0	0	1	0	0	0	00	0	00	00	00	0	0	00	01	11	370	17
11	CON00	122	6	0	0	0	0	1	0	00	0	00	00	00	2	1	00	01	07	255	17
10	SER03	123	6	0	0	0	0	0	0	00	0	00	00	00	0	0	26	01	13	015	17

06	RTS00	124	4	0	0	0	1	0	0	00	0	00	00	00	0	0	00	04	00	323	17
04	MOV22	125	7	0	0	0	0	0	0	12	3	00	00	00	2	0	16	00	00	375	17
06	TRP06	126	6	0	3	0	1	0	0	00	0	32	00	17	2	0	00	01	14	007	17
06	RST00	127	4	0	0	0	1	0	0	00	0	00	00	00	2	0	00	01	00	025	17

07	SOB00	130	4	0	0	0	1	0	0	00	0	17	00	00	0	0	00	10	00	342	17
		131	0	0	0	0	0	0	0	00	0	00	00	00	0	0	00	00	00	000	17
08	SXT00	132	4	0	0	0	1	0	0	14	0	03	00	00	2	0	27	00	00	360	17
		133	0	0	0	0	0	0	0	00	0	00	00	00	0	0	00	00	00	000	17

07	SWB00	134	2	0	0	1	0	0	0	00	0	00	00	00	0	0	00	04	00	135	17
07	SWB01	135	4	0	0	0	1	0	0	00	0	32	00	12	2	0	27	00	00	360	17
01	FET06	136	6	0	3	0	1	1	0	00	0	06	01	17	2	0	00	01	07	217	17
02	SRC16	137	4	0	0	0	1	0	0	00	0	32	00	02	0	0	36	01	13	251	17

06	TRP16	140	2	0	0	0	0	0	0	00	7	00	00	00	0	0	04	01	10	332	15
02	SRC00	141	2	0	0	0	0	1	1	01	0	00	00	00	0	1	00	10	00	247	03
02	SRC01	142	4	0	0	0	1	1	1	01	0	11	03	17	0	1	00	10	00	240	03
02	SRC04	143	7	0	3	0	1	1	1	00	0	11	02	17	2	1	00	10	00	245	17

02	SRC02	144	4	0	0	0	1	1	1	01	0	06	03	17	0	0	00	10	00	240	03
02	SRC05	145	7	0	3	0	1	1	1	00	0	06	01	17	2	0	00	10	00	245	17
02	SRC06	146	7	0	3	0	1	0	0	00	0	11	02	17	2	0	00	01	07	241	17
02	SRC09	147	7	0	3	0	1	0	0	00	0	11	02	17	2	0	00	01	07	243	17

06	TRP07	150	6	0	3	0	1	0	0	00	0	32	00	17	2	0	00	01	14	007	17
05	JMP00	151	4	0	0	0	1	0	0	00	0	00	00	00	0	0	15	04	00	300	17
05	JMP01	152	6	0	3	0	1	0	0	00	0	11	02	17	2	0	00	04	00	235	17
05	JMP05	153	7	0	3	0	1	1	1	00	0	11	02	17	2	1	15	04	00	303	17

05	JMP03	154	6	0	3	0	1	0	0	00	0	06	01	17	2	0	15	04	00	300	17
05	JMP06	155	7	0	3	0	1	1	1	00	0	06	01	17	2	0	15	04	00	303	17
05	JMP08	156	7	0	3	0	1	0	0	00	0	11	02	17	2	0	15	01	07	304	17
05	JMP07	157	7	0	3	0	1	0	0	00	0	11	02	17	2	0	00	01	07	301	17

04	MOV19	160	4	0	0	0	1	0	0	00	0	00	00	00	0	0	20	01	11	204	17
03	DST00	161	2	0	0	0	0	1	3	07	0	00	00	00	0	1	00	04	00	266	16
03	DST01	162	4	0	0	0	1	1	3	07	0	11	03	17	0	1	00	04	00	260	16
03	DST04	163	7	0	3	0	1	1	1	00	0	11	02	17	2	1	00	04	00	264	17

03	DST02	164	4	0	0	0	1	1	3	07	0	06	03	17	0	0	00	04	00	260	16
03	DST05	165	7	0	3	0	1	1	1	00	0	06	01	17	2	0	00	04	00	264	17
03	DST07	166	7	0	3	0	1	0	0	00	0	11	02	17	2	0	17	01	07	261	17
03	DST06	167	7	0	3	0	1	1	1	00	0	11	02	17	2	1	17	01	07	261	17

04	MOV18	170	4	0	0	0	1	0	0	00	0	00	00	00	0	0	20	10	00	204	17
04	MOV00	171	4	0	0	0	1	1	0	07	0	00	00	00	0	1	22	04	00	257	17
04	MOV01	172	4	0	0	0	1	1	0	07	0	11	03	17	2	1	22	04	00	257	17
04	MOV03	173	7	0	3	0	1	1	1	01	0	11	02	17	2	1	00	04	00	207	17

04	MOV02	174	4	0	0	0	1	1	0	07	0	06	03	17	2	0	22	04	00	257	17
04	MOV04	175	7	0	3	0	1	1	1	01	0	06	01	17	2	0	00	04	00	207	17
04	MOV06	176	7	0	3	0	1	0	0	00	0	11	02	17	2	0	17	01	07	206	17
04	MOV05	177	7	0	3	0	1	1	1	00	0	11	02	17	2	1	17	01	07	206	17

04	MOV16	200	4	0	0	0	1	0	5	00	0	00	00	00	0	0	00	01	11	125	06
04	MOV17	201	4	0	0	0	1	0	5	00	0	11	16	17	0	0	00	10	00	125	06
04	MOV14	202	2	0	0	1	0	0	0	00	0	00	00	00	0	0	00	01	11	205	17
04	MOV13	203	2	0	0	1	0	0	0	00	0	00	00	00	0	0	00	10	00	205	17

04	MOV20	204	0	0	3	1	0	0	0	00	3	00	00	00	2	0	00	04	00	000	07
04	MOV15	205	6	0	3	0	1	0	7	00	0	32	00	10	2	0	00	01	11	125	16
04	MOV08	206	2	0	3	1	0	0	0	00	0	00	00	00	1	0	21	01	12	212	17
04	MOV11	207	2	0	3	1	0	0	0	00	0	00	00	00	1	0	22	01	12	210	17

04	MOV12	210	2	0	0	0	0	1	0	01	0	00	00	00	0	1	00	01	12	200	17
09	SSL10	211	2	0	0	0	0	0	0	00	1	00	00	00	2	0	00	00	00	367	17
04	MOV09	212	4	0	0	0	0	1	0	07	0	11	00	00	0	0	00	04	00	200	17
04	MOV10	213	5	0	0	0	0	1	1	01	0	11	00	00	0	0	00	04	00	207	17

06	TRP05	214	2	0	3	0	0	0	0	00	0	00	00	00	2	0	00	01	14	007	17
06	TRP02	215	5	0	0	0	0	1	1	00	0	11	02	17	0	0	00	01	14	115	13
06	TRP04	216	4	0	0	0	1	0	0	00	0	32	15	17	2	0	00	00	00	214	17
01	FET08	217	6	1	0	0	1	0	0	00	0	00	00	00	0	0	00	00	00	252	17

09	SSL06	220	4	0	0	0	1	0	5	17	0	00	00	00	2	0	00	01	12	211	16
09	SSL04	221	4	0	0	0	1	0	5	11	0	06	00	00	2	0	00	00	12	367	16
09	SSL08	222	4	0	0	0	1	0	0	14	0	00	00	00	0	0	00	01	12	253	17
09	SSL07	223	4	0	0	0	1	0	0	10	0	06	00	00	2	0	00	00	00	253	17

08	DOP07	224	4	0	0	0	1	0	5	17	0	00	00	00	0	0	00	10	00	367	16
08	DOP08	225	4	0	0	0	1	0	5	17	0	00	00	00	0	0	00	01	11	367	16
08	DOP04	226	2	0	0	1	0	0	0	00	0	00	00	00	0	0	00	10	00	365	17
08	DOP05	227	2	0	0	1	0	0	0	00	0	00	00	00	0	0	00	01	11	365	17

08	DOP09	230	4	0	0	0	1	0	0	14	0	00	00	00	0	0	00	10	00	254	17
08	DOP10	231	4	0	0	0	1	0	0	14	0	00	00	00	0	0	00	01	11	254	17
09	RSR06	232	6	0	0	1	1	0	0	00	1	32	00	00	3	0	00	00	00	275	17
09	RSR08	233	6	0	0	1	1	0	0	00	1	32	00	10	3	0	00	00	00	276	17

08	SXT01	234	4	0	0	0	1	0	5	14	0	03	00	00	2	0	00	00	00	367	16
05	JMP02	235	4	0	0	0	1	0	0	00	0	06	01	17	0	0	15	04	00	300	17
09	SSL05	236	4	0	0	0	1	0	5	00	0	32	00	12	2	0	00	00	00	367	16
03	DST16	237	4	0	0	0	1	0	0	00	0	32	00	02	0	0	34	01	13	270	17

02	SRC03	240	3	0	3	0	0	0	0	00	0	00	00	00	2	0	35	10	00	250	17
02	SRC07	241	2	0	3	1	0	0	0	00	0	00	00	00	1	0	00	01	11	242	17
02	SRC08	242	4	0	0	0	0	1	1	01	0	11	00	00	0	0	00	10	00	247	03
02	SRC10	243	2	0	3	1	0	0	0	00	0	00	00	00	1	0	00	01	11	244	17

02	SRC11	244	5	0	0	0	0	1	1	00	0	11	00	00	0	0	00	10	00	245	17
02	SRC12	245	2	0	3	1	0	0	0	00	0	00	00	00	1	0	00	01	11	246	17
02	SRC13	246	2	0	0	0	0	1	1	01	0	00	00	00	0	1	00	01	11	247	03
02	SRC14	247	3	0	0	0	0	0	0	00	0	00	00	00	0	0	35	01	13	250	17

02	SRC15	250	2	0	3	1	0	0	0	00	0	00	00	00	1	0	00	01	11	120	17
02	SRC17	251	2	0	3	1	0	0	0	00	0	00	00	00	2	0	00	01	11	120	17
01	FET09	252	2	0	3	1	0	0	0	00	0	00	00	00	2	0	00	01	13	004	17
09	SSL12	253	2	0	0	0	0	0	0	00	1	00	00	00	2	0	00	00	00	075	17

08	DOP22	254	2	0	0	0	0	0	0	00	1	00	00	00	2	0	00	00	00	074	17
11	CON12	255	6	0	0	0	1	0	2	00	6	00	00	00	0	0	24	00	00	041	17
		256	0	0	0	0	0	0	0	00	0	00	00	00	0	0	00	00	00	000	17
08	MOV07	257	2	0	3	0	0	0	0	00	0	00	16	00	2	0	00	04	00	200	17

03	DST03	260	3	0	3	0	0	0	0	00	0	00	00	00	2	0	33	04	00	267	17
03	DST09	261	2	0	3	1	0	0	0	00	0	00	00	00	1	0	00	01	12	262	17
03	DST10	262	4	0	0	0	0	1	3	07	0	11	00	00	0	0	00	04	00	266	16
03	DST11	263	5	0	0	0	0	1	1	00	0	11	00	00	0	0	00	04	00	264	17

03	DST12	264	2	0	3	1	0	0	0	00	0	00	00	00	1	0	00	01	12	265	17
03	DST13	265	2	0	0	0	0	1	3	01	0	00	00	00	0	1	00	01	12	266	16
03	DST14	266	3	0	0	0	0	0	0	00	0	00	00	00	0	0	33	01	13	267	17
03	DST15	267	2	0	3	1	0	0	0	00	0	00	00	00	1	0	00	01	12	220	17

03	DST17	270	2	0	3	1	0	0	0	00	0	00	00	00	2	0	00	01	12	220	17
09	RSR01	271	6	0	3	0	1	0	0	00	0	32	00	00	2	0	27	04	00	274	17
09	RSR03	272	6	0	0	1	1	0	0	00	1	32	00	10	3	0	00	00	00	273	17
09	RSR04	273	6	0	1	0	1	0	0	00	0	32	00	02	2	0	27	04	00	274	17

09	RSR05	274	0	0	0	0	0	0	0	00	2	00	00	00	0	0	00	04	00	000	17
09	RSR07	275	4	0	0	0	1	0	5	00	0	32	00	00	2	0	00	00	00	277	16
09	RSR09	276	4	0	0	0	1	0	7	00	0	32	00	02	2	0	00	00	00	277	16
09	RSR10	277	3	0	0	0	1	0	0	00	2	00	00	00	2	0	16	00	00	376	17

05	JMP04	300	2	0	3	1	0	0	0	00	0	00	00	00	2	0	00	01	10	306	17
05	JMP09	301	2	0	3	1	0	0	0	00	0	00	00	00	1	0	00	01	10	302	17
05	JMP10	302	5	0	0	0	1	1	1	00	0	11	00	00	0	0	15	04	00	303	17
5	JMP11	303	2	0	3	1	0	0	0	00	0	00	00	00	1	0	00	01	10	306	17

05	JMP14	304	2	0	3	1	0	0	0	00	0	00	00	00	1	0	00	01	10	305	17
05	JMP15	305	4	0	0	0	1	0	0	00	0	11	00	00	0	0	15	04	00	300	17
05	JMP12	306	4	0	0	0	1	0	0	00	0	00	00	00	0	0	16	01	10	313	17
05	JSR00	307	6	0	3	0	1	1	0	06	0	06	01	17	2	0	00	01	06	310	17

05	JSR01	310	5	0	0	0	1	0	5	00	0	00	00	00	0	0	00	10	00	311	17
05	JSR02	311	2	0	0	1	0	0	0	00	0	00	00	00	0	0	00	01	07	312	17
05	JSR03	312	6	0	3	0	1	0	0	00	0	32	00	00	2	0	00	10	00	306	17
05	JMP13	313	2	0	3	0	0	0	0	00	0	00	00	00	2	0	00	01	07	016	17

		314	0	0	0	0	0	0	0	00	0	00	00	00	0	0	00	00	00	000	17
11	CON13	315	2	0	0	0	0	0	0	00	0	00	00	00	0	0	06	00	00	046	17
		316	0	0	0	0	0	0	0	00	0	00	00	00	0	0	00	00	00	000	17
06	TRP01	317	6	0	3	0	1	0	0	00	0	32	00	17	2	0	00	01	14	215	17

06	RTI01	320	2	0	3	0	0	0	0	00	0	00	00	00	1	0	00	01	07	321	17
06	RTI02	321	7	0	3	0	1	1	1	00	0	11	02	17	2	1	00	01	06	322	17
06	RTI03	322	2	0	0	0	0	0	0	00	7	00	00	00	1	0	00	00	00	017	17
06	RTS01	323	2	0	3	0	0	0	0	00	0	00	00	00	2	0	00	01	07	324	17

06	RTS02	324	7	0	3	0	1	1	1	00	0	11	02	17	2	1	16	01	06	325	17
06	RTS03	325	2	0	3	0	0	0	0	00	0	00	00	00	1	0	00	04	00	016	17
06	TRP10	326	6	0	3	0	1	1	0	06	0	06	01	17	2	0	00	01	06	327	13
06	TRP11	327	5	0	0	0	1	0	5	00	6	00	00	00	0	0	00	00	00	113	13

06	TRP13	330	6	0	3	0	1	1	0	06	0	06	01	17	2	0	00	01	06	331	13
06	TRP14	331	5	0	0	0	1	0	5	00	0	00	00	00	0	0	00	01	07	077	13
06	TRP20	332	3	0	0	0	0	1	1	00	0	00	00	00	0	1	01	01	14	333	13
06	TRP21	333	2	0	3	0	0	0	0	00	0	00	00	00	1	0	03	01	07	122	17

06	TRP18	334	5	0	0	0	0	1	1	00	0	11	02	17	0	0	00	01	14	335	17
06	TRP19	335	2	0	0	0	0	0	0	00	7	00	00	00	1	0	00	00	00	332	17
06	TRP00	336	6	0	3	0	1	0	0	00	0	32	17	17	2	0	00	01	06	317	17
06	TRP17	337	6	0	3	0	1	0	0	00	0	32	11	17	2	0	00	01	14	334	17

07	BRA01	340	2	0	3	0	0	0	0	00	0	00	00	00	2	0	16	01	07	341	17
07	BRA02	341	6	0	3	0	1	0	0	00	0	11	00	05	2	0	00	01	07	016	17
07	SOB01	342	2	0	3	0	0	0	0	00	0	00	00	00	2	0	12	10	00	343	17
07	SOB02	343	6	0	0	1	1	0	0	00	0	33	13	17	2	0	00	01	13	344	17

07	SOB03	344	6	0	3	0	1	0	0	10	0	06	00	00	2	0	16	01	07	346	17
07	SOB05	345	2	0	0	0	0	0	0	00	0	00	00	00	2	0	16	00	00	347	17
07	SOB04	346	6	0	3	0	1	0	0	10	0	06	00	00	2	0	00	01	07	016	17
07	SOB06	347	2	0	0	0	0	0	0	00	0	00	00	00	0	0	00	01	13	016	17

07	CCC01	350	6	0	0	1	1	0	0	00	0	25	00	00	2	0	16	00	00	351	17
07	CCC02	351	6	0	0	0	1	0	0	00	3	33	00	00	2	0	00	00	00	016	17
07	SCC01	352	6	0	0	0	1	0	0	00	3	36	00	00	2	0	00	00	00	016	17
05	MRK01	356	6	0	3	0	1	1	1	00	0	11	00	05	2	0	00	01	07	354	17

05	MRK02	354	4	0	0	0	1	0	0	00	0	11	02	17	0	0	00	01	07	355	17
05	MRK03	355	3	0	3	0	0	0	0	00	0	00	00	00	2	0	00	01	06	356	17
05	MRK04	356	6	0	3	0	1	0	0	00	0	00	00	00	1	0	16	01	05	357	17
05	MRK05	357	2	0	3	0	0	0	0	00	0	00	00	00	2	0	00	01	07	016	17

08	DOP19	360	0	0	3	0	0	0	0	00	3	00	00	00	2	0	00	04	00	000	17
08	DOP18	361	0	0	1	0	0	0	0	00	3	00	00	00	2	0	00	04	00	000	17
08	DOP17	362	0	0	0	0	0	0	0	00	3	00	00	00	2	0	00	00	00	000	17
07	DOP01	363	4	0	0	0	1	0	0	10	0	06	00	00	0	0	27	04	00	360	17

08	DOP03	364	4	0	0	0	1	0	0	14	0	00	00	00	0	0	27	10	00	360	17
08	DOP06	365	4	0	0	0	1	0	5	10	0	06	00	00	0	0	00	01	12	367	16
08	DOP11	366	5	0	0	0	1	0	7	13	0	32	00	10	2	0	16	00	00	375	16
08	DOP12	367	3	0	0	0	0	0	0	12	3	00	00	00	2	0	16	00	00	375	17

08	DOP14	370	4	0	0	0	1	0	0	10	0	06	00	00	0	0	27	04	00	360	17
08	DOP16	371	4	0	0	0	1	0	0	14	0	00	00	00	0	0	27	01	11	360	17
07	SSL01	372	4	0	0	0	1	0	0	10	0	06	00	00	2	0	27	00	00	360	17
07	SSL03	373	2	0	0	0	0	0	0	00	1	00	00	00	2	0	27	00	00	360	17

09	SSL09	374	5	0	0	0	1	0	7	13	0	32	00	10	2	0	16	00	00	375	16
08	DOP20	375	2	0	0	0	0	0	0	00	0	00	00	00	2	0	00	00	00	016	17
09	RSR11	376	2	0	0	0	0	0	0	00	0	00	00	00	2	0	00	00	00	016	17
		377	0	0	0	0	0	0	0	00	0	00	00	00	0	0	00	00	00	000	17
