FLOWS	STATE	ADR	CLK	CIR	WR	CB	CD	CBA	BUS	DAD	SPS	ALU	SBC	SBM	SDM	SBA	UBF	SRX	RIF	UPF

E3	MUL7	000	2	0	0	0	0	0	0	00	0	00	00	00	0	0	00	10	00	204
E3	MUL19	001	2	0	0	0	0	0	0	00	0	00	00	00	0	0	00	00	00	133
E3	MUL2	002	2	0	0	0	0	0	0	00	0	00	00	00	0	0	00	10	00	015
E3	MUL4	003	2	0	0	0	0	0	0	00	0	00	00	00	0	0	00	01	12	075

F5	FDV1	004	2	0	0	1	0	0	0	00	0	00	00	00	0	0	00	01	15	006
E3	MUL16	005	4	0	0	0	1	0	0	00	0	00	00	00	0	0	00	00	00	011
F5	FDV2	006	6	0	0	1	1	0	0	10	0	06	00	00	2	0	00	01	14	160
E3	MUL12	007	4	0	0	0	1	0	0	00	0	00	00	00	0	0	00	00	00	016

E3	MUL15	010	2	0	0	0	0	0	0	00	0	00	00	00	0	0	00	00	00	177
E3	MUL18	011	2	0	3	0	0	0	0	00	0	00	00	00	2	0	00	11	01	177
E3	MUL14	012	2	0	0	0	0	0	0	00	0	00	00	00	0	0	00	00	00	177
E3	MUL17	013	2	0	3	0	0	0	0	00	0	00	00	00	2	0	00	11	01	177

E3	MUL1	014	4	0	0	0	1	0	0	10	0	06	00	00	0	0	00	00	00	000
E3	MUL3	015	4	0	0	0	1	0	0	00	0	00	00	00	0	0	00	10	00	001
E3	MUL13	016	2	0	3	0	0	0	0	00	0	00	00	00	2	0	00	11	01	010
F3	ADD23	017	6	0	3	0	1	0	0	00	0	14	00	00	2	0	00	01	11	361

E4	DIV20	020	2	0	0	1	0	0	0	00	0	00	00	00	0	0	00	11	01	076
E5	DIV23	021	4	0	0	0	1	0	0	00	0	20	00	00	0	0	00	00	00	071
E4	DIV4	022	2	0	0	0	0	0	0	00	0	00	00	00	0	0	00	00	00	177
E5	DIV33	023	4	0	0	0	1	0	0	00	0	20	00	00	0	0	00	00	00	070

E4	DIV13	024	2	0	0	0	0	0	0	00	0	00	00	00	0	0	00	11	01	147
E5	DIV27	025	4	0	0	0	1	0	0	00	0	11	00	00	0	0	00	00	00	101
E4	DIV7	026	2	0	0	1	0	0	0	00	0	00	00	00	0	0	00	10	00	057
E5	DIV31	027	4	0	0	0	1	0	0	10	0	06	00	00	0	0	00	00	00	103

E2	ASH2	030	2	0	0	0	0	0	0	00	0	00	00	00	0	0	00	00	00	177
E4	DIV16	031	6	0	0	0	1	0	0	14	0	00	00	00	2	0	00	00	00	065
F5	FDV21	032	2	0	0	1	0	0	0	00	0	00	00	00	0	0	00	01	11	372
E4	DIV11	033	2	0	0	0	0	0	0	00	0	00	00	00	0	0	00	00	00	037

E2	ASH5	034	2	0	0	0	0	0	0	00	0	00	00	00	0	0	00	00	00	123
E4	DIV19	035	6	0	0	0	1	0	0	14	0	00	00	00	2	0	00	00	00	153
E2	ASH3	036	2	0	0	0	0	0	0	00	0	00	00	00	0	0	00	00	00	063
E4	DIV12	037	2	0	0	0	0	0	0	00	0	00	00	00	0	0	00	00	00	177

E2	ASH9	040	4	0	0	0	1	0	0	00	0	00	00	00	0	0	00	11	01	030
F4	FML4	041	2	0	0	1	0	0	0	00	0	00	00	00	0	0	00	00	00	130
F5	FDV23	042	2	0	0	1	0	0	0	00	0	00	00	00	0	0	00	01	13	211
F4	FML3	043	6	0	3	1	1	0	0	00	0	23	00	00	2	0	00	01	15	176

E2	ASH16	044	2	0	0	0	0	0	0	00	0	00	00	00	0	0	00	00	00	243
E5	DIV25	045	6	0	0	0	1	0	0	00	0	00	00	00	0	0	00	00	00	053
E2	ASH10	046	2	0	0	0	0	0	0	00	0	00	00	00	0	0	00	00	00	223
E5	DIV29	047	4	0	0	0	1	0	0	00	0	11	01	17	0	0	00	00	00	104

E5	DIV37	050	4	0	0	0	1	0	0	00	0	20	00	00	0	0	00	00	00	106
E5	DIV40	051	2	0	0	0	0	0	0	00	0	00	00	00	0	0	00	00	00	054
E5	DIV35	052	4	0	0	0	1	0	0	00	0	11	01	17	0	0	00	00	00	105
E5	DIV26	053	2	0	3	0	0	0	0	00	0	00	00	00	2	0	00	10	00	177

E5	DIV41	054	2	0	0	0	0	0	0	00	0	00	00	00	0	0	00	00	00	037
E4	DIV2	055	2	0	0	0	0	0	0	00	0	00	00	00	0	0	00	10	00	231
E5	DIV42	056	2	0	0	0	0	0	0	00	0	00	00	00	0	0	00	00	00	177
E4	DIV8	057	6	0	0	0	1	0	0	00	0	06	00	00	2	0	00	00	00	060

E4	DIV9	060	2	0	0	0	0	0	0	00	0	00	00	00	0	0	00	00	00	061
E4	DIV10	061	2	0	0	1	0	0	0	00	0	00	00	00	0	0	00	01	12	031
E4	DIV15	062	2	0	0	1	0	0	0	00	0	00	00	00	0	0	00	01	12	031
E2	ASH4	063	6	0	3	1	1	0	0	00	0	00	00	00	3	0	00	10	00	063

F2	ADD3	064	6	0	0	0	1	0	0	10	0	06	00	00	2	0	00	00	00	320
E4	DIV17	065	2	0	0	0	0	0	0	00	0	00	00	00	0	0	00	00	00	066
E4	DIV18	066	2	0	0	0	0	0	0	00	0	00	00	00	0	0	00	00	00	035
E2	ASH14	067	4	0	0	0	1	0	0	00	0	32	00	00	0	0	00	00	00	127

E5	DIV34	070	2	0	0	1	0	0	0	00	0	00	00	00	2	0	00	00	00	050
E5	DIV24	071	2	0	0	1	0	0	0	00	0	00	00	00	2	0	00	00	00	045
F2	ADD17	072	4	0	0	0	1	0	0	00	0	00	00	00	0	0	00	00	00	301
0	X	073	0	0	0	0	0	0	0	00	0	00	00	00	0	0	00	00	00	000

E5	DIV39	074	6	0	3	0	1	0	0	00	0	11	01	17	2	0	00	10	00	051
E3	MUL5	075	2	0	0	0	0	0	0	00	0	00	00	00	0	0	00	00	00	110
E4	DIV6	076	6	0	0	0	1	0	0	10	0	06	00	00	2	0	00	00	00	024
E2	ASH13	077	2	0	3	0	0	0	0	00	0	00	00	00	2	0	00	11	01	206

E1	EI0	100	2	0	0	0	0	0	0	00	0	00	00	00	0	0	00	00	00	377
E5	DIV28	101	2	0	3	0	0	0	0	00	0	00	00	00	2	0	00	11	01	021
E1	EI3	102	2	0	3	1	0	0	0	00	0	00	00	00	2	0	00	01	14	007
E5	DIV32	103	2	0	3	0	0	0	0	00	0	00	00	00	2	0	00	11	01	023

E5	DIV30	104	2	0	3	0	0	0	0	00	0	00	00	00	2	0	00	11	01	050
E5	DIV36	105	2	0	3	0	0	0	0	00	0	00	00	00	2	0	00	11	01	045
E5	DIV38	106	2	0	3	1	0	0	0	00	0	00	00	00	2	0	00	10	00	074
E5	DIV22	107	2	0	3	0	0	0	0	00	0	00	00	00	2	0	00	11	01	021

E3	MUL6	110	2	0	0	1	0	0	0	00	0	00	00	00	0	0	00	10	00	133
E3	MUL22	111	4	0	0	0	1	0	0	00	0	23	00	00	0	0	00	00	00	113
E3	MUL21	112	4	0	0	0	1	0	0	10	0	06	00	00	0	0	00	10	00	111
E3	MUL23	113	2	0	3	0	0	0	0	00	0	00	00	00	2	0	00	11	01	114

E3	MUL27	114	2	0	0	1	0	0	0	00	0	00	00	00	0	0	00	10	00	133
E3	MUL25	115	4	0	0	0	1	0	0	00	0	00	00	00	0	0	00	00	00	141
E3	MUL24	116	2	0	0	0	0	0	0	00	0	00	00	00	0	0	00	00	00	115
0	X	117	0	0	0	0	0	0	0	00	0	00	00	00	0	0	00	00	00	000

F2	ADD0	120	2	0	0	1	0	0	0	00	0	00	00	00	0	0	00	01	13	251
F1	FP1	121	2	0	3	1	0	0	0	00	0	00	00	00	1	0	00	01	11	125
F2	SUB0	122	6	0	0	0	1	0	0	00	0	20	00	00	2	0	00	00	00	120
E2	ASH6	123	6	0	3	1	1	0	0	00	0	11	00	00	2	0	00	10	00	123

F4	FML0	124	6	0	0	0	0	0	0	00	0	00	00	00	2	0	00	00	00	130
F1	FP2	125	7	0	3	0	1	1	1	00	0	11	02	17	2	0	00	04	00	131
F5	FDV0	126	2	0	0	0	0	0	0	00	0	00	00	00	2	0	00	00	00	004
E2	ASH20	127	2	0	0	0	0	0	0	00	0	00	00	00	0	0	00	00	00	177

F4	FML1	130	2	0	0	1	0	0	0	00	0	00	00	00	0	0	00	01	14	132
F1	FP3	131	2	0	3	1	0	0	0	00	0	00	00	00	1	0	00	01	13	151
F4	FML2	132	6	0	3	0	1	0	0	00	0	11	00	00	2	0	00	01	15	041
E3	MUL9	133	6	0	0	0	1	0	0	14	0	00	00	00	3	0	00	00	00	133

F5	FDV20	134	2	0	0	1	0	0	0	00	0	00	00	00	0	0	00	00	00	154
F1	FP5	135	2	0	0	1	0	0	0	00	0	00	00	00	0	0	00	01	11	155
F6	NOM6	136	2	0	3	0	0	0	0	00	0	00	00	00	2	0	00	01	15	305
E3	MUL10	137	4	0	0	0	1	0	0	00	0	00	00	00	0	0	00	00	00	167

F6	NOM14	140	6	0	3	1	1	0	0	00	0	11	01	17	2	0	00	01	15	142
E3	MUL26	141	2	0	3	0	0	0	0	00	0	00	00	00	2	0	00	10	00	177
F6	EXI0	142	2	0	0	0	0	0	0	00	0	00	00	00	0	0	00	00	00	332
E3	MUL11	143	4	0	0	0	1	0	0	00	0	20	00	00	0	0	00	00	00	005

F1	FP12	144	2	0	3	0	1	0	0	00	0	00	00	00	2	0	00	01	11	244
E1	DST12	145	2	0	3	1	0	0	0	00	0	00	00	00	1	0	00	01	12	275
F1	FP10	146	6	0	3	1	1	0	0	00	0	23	00	00	2	0	00	01	13	252
E4	DIV14	147	2	0	0	0	0	0	0	00	0	00	00	00	0	0	00	10	00	062

F4	FML5	150	6	0	3	0	1	0	0	00	0	06	00	00	2	0	00	01	15	365
F1	FP4	151	6 ?	0	3	0	1	0	0	00	0	11	00	00	2	0	00	01	13	135
0	X	152	0	0	0	0	0	0	0	00	0	00	00	00	0	0	00	00	00	000
E4	DIV20	153	6	0	0	0	1	0	0	14	0	00	00	00	2	0	00	00	00	153

F6	NOM1	154	6	0	3	0	1	0	0	00	0	11	01	17	2	0	00	01	15	324
F1	FP6	155	6	0	3	1	1	0	0	00	0	11	00	00	2	0	00	01	11	175
F6	NOM8	156	6	0	0	0	1	0	0	00	0	11	01	17	2	0	00	00	00	174
E5	DIV21	157	4	0	0	0	1	0	0	00	0	00	00	00	0	0	00	00	00	107

F5	FDV6	160	4	0	0	0	1	0	0	00	0	11	00	00	0	0	00	00	00	344
F6	EXI4	161	6	0	0	1	0	0	0	00	0	00	00	00	0	0	00	00	00	256
F5	FDV5	162	6	0	3	1	1	0	0	00	0	23	00	00	2	0	00	01	15	176
F2	ADD13	163	4	0	0	0	1	0	0	10	0	06	00	00	0	0	00	00	00	340

F2	ADD5	164	2	0	0	1	0	0	0	00	0	00	00	00	0	0	00	01	11	165
F2	ADD6	165	4	0	0	0	1	0	0	00	0	06	00	00	0	0	00	00	00	202
F5	FDV3	166	4	0	0	0	1	0	0	00	0	00	00	00	0	0	00	00	00	350
E3	MUL20	167	2	0	3	0	0	0	0	00	0	00	00	00	2	0	00	10	00	143

E1	DST4	170	3	0	3	0	0	0	1	00	0	00	00	00	2	0	00	04	00	271
F5	FDV11	171	2	0	0	0	0	0	0	00	0	00	00	00	0	0	00	01	10	042
F4	FML8	172	2	0	0	0	0	0	0	00	0	00	00	00	0	0	00	01	10	210
F5	FDV13	173	6	0	0	0	1	0	0	14	0	00	00	00	2	0	00	00	00	331

F6	NOM9	174	2	0	0	0	0	0	0	00	0	00	00	00	0	0	00	00	00	273
F1	FP7	175	4	0	0	0	1	0	0	00	0	32	00	16	0	0	00	00	00	367
F6	NOM3	176	2	0	0	0	0	1	0	06	0	00	00	00	1	0	00	04	00	220
F2	ASH15	177	6	0	0	0	0	0	0	00	7	00	00	00	0	0	00	00	00	323

F2	ADD39	200	2	0	3	0	0	0	0	00	0	00	00	00	2	0	00	01	13	072
E3	MUL0	201	6	0	0	0	1	0	0	00	0	32	12	17	2	0	00	00	00	014
F2	ADD7	202	6 ?	0	3	0	0	0	0	00	0	00	00	00	2	0	00	01	11	300
E4	DIV0	203	6	0	0	0	1	0	0	00	0	32	12	17	2	0	00	00	00	303

E3	MUL8	204	2	0	0	0	0	0	0	00	0	00	00	00	0	0	00	00	00	001
E2	ASH0	205	2	0	0	0	0	0	0	00	0	00	00	00	0	0	00	00	00	311
E2	ASH19	206	4	0	0	0	1	0	0	00	0	00	00	00	0	0	00	11	01	127
E2	ASH7	207	2	0	0	0	0	0	0	00	0	00	00	00	0	0	00	11	01	351

F4	FML9	210	2	0	0	0	0	0	0	00	0	00	00	00	0	0	00	00	00	212
F5	FDV24	211	6	0	0	0	1	0	0	10	0	06	00	00	2	0	00	00	00	032
F4	FML10	212	2	0	0	1	0	0	0	00	0	00	00	00	0	0	00	01	13	213
F4	FML11	213	4	0	0	0	1	0	0	00	0	00	00	00	0	0	00	00	00	232

F6	NOM11	214	2	0	0	0	0	0	0	00	0	00	00	00	0	0	00	00	00	216
F2	ADD16	215	2	0	0	0	0	0	0	00	0	00	00	00	0	0	00	01	13	200
F6	NOM12	216	2	0	0	0	0	0	0	00	0	00	00	00	0	0	00	00	00	234
F4	FML18	217	6	0	0	0	1	0	0	00	0	00	00	00	2	0	00	00	00	330

F6	EXI7	220	5	0	0	0	1	0	3	00	0	00	00	00	0	0	00	00	00	336
E1	DST15	221	2	0	3	1	0	0	0	00	0	00	00	00	1	0	00	01	12	241
F6	EXI3	222	6	0	0	0	1	0	2	00	0	03	00	00	2	0	00	00	00	224
E2	ASH11	223	6	0	3	1	1	0	0	00	0	00	00	00	3	0	00	10	00	223

F6	EXI12	224	2	0	0	0	0	0	2	00	0	00	00	00	2	0	00	00	00	161
F2	ADD10	225	6	0	0	0	1	0	0	00	0	06	00	00	2	0	00	00	00	245
F2	ADD15	226	4	0	0	0	1	0	0	00	0	00	00	00	0	0	00	00	00	215
E2	ASH12	227	4	0	0	0	1	0	0	00	0	00	00	00	0	0	00	00	00	077

F4	FML16	230	2	0	0	1	0	0	0	00	0	00	00	00	0	0	00	01	11	250
E4	DIV3	231	2	0	0	0	0	0	0	00	0	00	00	00	0	0	00	00	00	020
F4	FML12	232	2	0	0	0	0	0	0	00	0	00	00	00	3	0	00	00	00	304
F3	ADD35	233	6	0	0	1	1	0	0	00	0	36	00	00	0	0	00	00	00	360

F6	NOM13	234	6	0	0	1	1	0	0	00	0	00	00	00	0	0	00	01	15	140
F1	FP9	235	4	0	0	0	1	0	0	00	0	11	00	14	0	0	00	00	00	144
F6	EXI1	236	4	0	0	0	1	0	0	00	0	00	00	00	0	0	00	00	00	254
F3	ADD25	237	2	0	0	0	0	0	0	00	0	00	00	00	2	0	00	00	00	341

E1	EI2	240	4	0	0	0	1	0	0	00	0	32	00	17	0	0	00	00	00	102
E1	DST16	241	5	0	0	0	0	1	1	00	0	11	00	00	0	0	00	04	00	265
F1	FP0	242	3	0	0	0	0	1	1	00	0	00	00	00	2	1	00	04	00	121
E2	ASH17	243	6	0	3	1	1	0	0	00	0	11	00	00	2	0	00	10	00	243

F1	FP13	244	7	0	3	0	1	1	1	00	0	11	02	17	2	0	00	04	00	121
F2	ADD11	245	2	0	0	1	0	0	0	00	0	00	00	00	0	0	00	01	14	375
F1	FP14	246	2	0	0	1	0	0	0	00	0	00	00	00	0	0	00	00	00	255
F2	ASH18	247	4	0	0	0	1	0	0	00	0	00	00	00	0	0	00	00	00	077

F4	FML17	250	6	0	0	0	1	0	0	00	0	11	00	00	2	0	00	00	00	213
F2	ADD1	251	4	0	0	0	1	0	0	10	0	06	00	00	0	0	00	00	00	300
F1	FP11	252	2	0	3	0	1	0	0	00	0	00	00	00	2	0	00	01	11	244
F4	BRQ2	253	6	0	0	1	0	0	0	00	0	00	00	00	0	0	00	00	00	355

F6	EXI2	254	2	0	3	0	0	0	0	00	0	00	00	00	2	0	00	01	14	220
F1	FP15	255	6	0	0	0	1	0	0	00	0	26	00	00	0	0	00	00	00	120
F6	EXI5	256	6	0	0	0	0	0	0	00	7	00	00	00	0	0	00	00	00	354
F4	BRQ3	257	6	0	0	1	0	0	0	00	0	00	00	00	0	0	00	00	00	355

E1	DST0	260	4	0	0	0	1	0	0	00	0	00	00	00	0	0	00	04	00	261
E1	DST1	261	2	0	3	1	0	0	0	00	0	00	00	00	2	0	00	01	12	201
E1	DST10	262	3	0	0	0	0	1	1	00	0	00	00	00	0	1	00	04	00	271
F4	FML7	263	2	0	0	0	0	0	0	00	0	00	00	00	0	0	00	01	12	172

E1	DST2	264	4	0	0	0	1	1	0	00	0	11	02	17	0	1	00	04	00	170
E1	DST6	265	2	0	3	1	0	0	0	00	0	00	00	00	1	0	00	01	12	366
E1	DST5	266	7	0	3	0	1	1	1	00	0	11	02	17	2	1	00	04	00	265
F5	FDV10	267	2	0	0	0	0	0	0	00	0	00	00	00	0	0	00	00	00	171

E1 	DST3	270	4	0	0	0	1	1	0	00	0	06	01	17	0	0	00	04	00	170
E1	DST8	271	2	0	3	1	0	0	0	00	0	00	00	00	1	0	00	01	12	201
E1	DST9	272	7	0	3	0	1	1	1	00	0	06	01	17	2	0	00	04	00	265
F6	NOM10	273	6	0	0	0	1	0	0	00	0	11	00	00	2	0	00	00	00	214

E1	DST11	274	7	0	3	0	1	0	1	00	0	11	02	17	2	0	00	01	07	145
E1	DST13	275	5	0	0	0	0	1	1	00	0	11	00	00	0	0	00	04	00	271
E1	DST14	276	7	0	3	0	1	0	1	00	0	11	02	17	2	0	00	01	07	221
F4	FML15	277	6	0	0	0	1	0	0	00	0	11	00	00	2	0	00	00	00	230

F2	ADD2	300	2	0	0	1	0	0	0	00	0	00	00	00	0	0	00	01	12	064
F2	ADD18	301	2	0	0	0	0	0	0	00	0	00	00	00	0	0	00	01	11	321
F2	ADD4	302	6	0	3	0	0	0	0	00	0	00	00	00	2	0	00	01	13	164
E4	DIV1	303	4	0	0	0	1	0	0	00	0	32	00	00	0	0	00	00	00	055

F4	FML13	304	2	0	0	1	0	0	0	00	0	00	00	00	0	0	00	01	13	213
F6	NOM7	305	2	0	0	0	0	0	0	00	0	00	00	00	0	0	00	00	00	156
F4	FML14	306	2	0	0	1	0	0	0	00	0	00	00	00	0	0	00	01	13	277
F6	NOM5	307	4	0	0	0	1	0	0	00	0	06	00	00	0	0	00	01	15	136

F2	ADD21	310	2	0	3	0	0	0	0	00	0	00	00	00	2	0	00	01	15	340
E2	ASH1	311	6	0	0	1	1	0	0	00	0	00	00	00	2	0	00	10	00	030
F5	FDV19	312	2	0	0	0	0	0	0	00	0	00	00	00	0	0	00	00	00	134
F3	ADD27	313	6	0	0	0	0	0	0	00	0	00	00	00	0	0	00	00	00	313

F3	ADD33	314	2	0	0	1	0	0	0	00	0	00	00	00	0	0	00	00	00	334
F3	ADD32	315	6	0	0	0	1	0	0	00	0	11	00	00	2	0	00	00	00	314
F5	FDV16	316	6	0	0	0	1	0	0	00	0	00	00	00	2	0	00	00	00	333
F3	ADD30	317	6	0	0	0	1	0	0	00	0	11	00	00	2	0	00	00	00	347

F2	ADD8	320	2	0	0	0	0	0	0	00	0	00	00	00	0	0	00	01	10	245
F2	ADD19	321	2	0	3	0	0	0	0	00	0	00	00	00	2	0	00	01	11	325
F2	ADD9	322	2	0	0	1	0	0	0	00	0	00	00	00	0	0	00	01	10	225
E2	ASH21	323	2	0	0	0	0	0	0	00	0	00	00	00	0	0	00	00	00	017

F6	NOM4	324	2	0	0	0	0	1	0	06	0	00	00	00	1	0	00	04	00	305
F2	ADD20	325	4	0	0	0	1	0	0	00	0	00	00	00	0	0	00	01	14	310
F6	NOM2	326	6	0	3	1	1	0	0	00	0	23	00	00	2	0	00	01	15	176
F6	NOM0	327	2	0	0	1	0 ?	0	0	00	0	00	00	00	0	0	00	00	00	154

F4	FML19	330	2	0	0	1	0	0	0	00	0	00	00	00	0	0	00	00	00	154
F5	FDV14	331	2	0	0	1	0	0	0	00	0	00	00	00	0	0	00	01	11	370
F6	EXI14	332	4	0	0	0	1	0	0	00	0	32	00	16	0	0	00	00	00	236
F5	FDV12	333	2	0	0	1	0	0	0	00	0	00	00	00	0	0	00	01	13	173

F3	ADD34	334	6	0	0	0	1	0	0	10	0	06	00	00	2	0	00	00	00	233
F3	ADD37	335	2	0	0	1	0	0	0	00	0	00	00	00	0	0	00	00	00	334
F6	EXI8	336	2	0	0	1	0	0	0	00	0	00	00	00	0	0	00	00	00	356
F5	FDV17	337	2	0	0	0	0	0	0	00	0	00	00	00	0	0	00	00	00	352

F3	ADD22	340	6	0	0	1	1	0	0	00	0	14	00	00	2	0	00	01	13	017
F3	ADD26	341	2	0	0	0	0	0	0	00	0	00	00	00	0	0	00	00	00	313
F2	ADD14	342	2	0	0	0	0	0	0	00	0	00	00	00	2	0	00	00	00	216
F3	ADD28	343	2	0	0	0	0	0	0	00	0	00	00	00	0	0	00	00	00	317

F5	FDV7	344	2	0	3	0	0	0	0	00	0	00	00	00	2	0	00	01	13	346
0	X	345	0	0	0	0	0	0	0	00	0	00	00	00	0	0	00	00	00	000
F5	FDV8	346	6	0	0	0	1	0	0	00	0	11	02	17	2	0	00	00	00	364
F3	ADD31	347	2	0	0	1	0	0	0	00	0	00	00	00	0	0	00	01	11	315

F5	FDV4	350	2	0	3	0	0	0	0	00	0	00	00	00	2	0	00	01	14	222
E2	ASH8	351	6	0	0	1	1	0	0	00	0	00	00	00	2	0	00	10	00	040
F5	FDV18	352	2	0	0	0	0	0	0	00	0	00	00	00	0	0	00	00	00	312
F3	BRQ0	353	2	0	0	1	0	0	0	00	0	00	00	00	0	0	00	00	00	355

F6	EXI6	354	6	0	3	0	1	0	0	10	0	06	00	00	2	0	00	04	00	007
F4	BRQ4	355	6	0	3	0	1	0	0	10	0	06	00	00	2	0	00	04	00	375
F6	EXI9	356	6	0	3	0	1	1	0	06	0	06	01	17	2	0	00	04	00	374
F3	BRQ1	357	2	0	0	1	0	0	0	00	0	00	00	00	0	0	00	00	00	355

F3	ADD38	360	2	0	0	0	0	0	0	00	0	00	00	00	0	0	00	00	00	327
F3	ADD24	361	2	0	0	0	0	0	0	00	0	00	00	00	0	0	00	00	00	237
F3	ADD36	362	6	0	0	1	1	0	0	00	0	06	00	00	2	0	00	00	00	335
F3	ADD29	363	2	0	0	0	0	0	0	00	0	00	00	00	2	0	00	00	00	314

F5	FDV9	364	2	0	0	0	0	0	0	00	0	00	00	00	0	0	00	01	12	267
F4	FML6	365	6	0	0	0	0	0	0	00	0	00	00	00	0	0	00	00	00	263
E1	DST7	366	3	0	0	0	0	1	1	00	0	00	00	00	0	1	00	01	12	271
F1	FP8	367	2	0	3	0	0	0	0	00	0	00	00	00	2	0	00	01	15	235

F5	FDV15	370	6	0	0	0	1	0	0	00	0	11	00	00	2	0	00	00	00	316
F5	BRQ6	371	6	0	0	1	0	0	0	00	0	00	00	00	0	0	00	00	00	355
F5	FDV22	372	6	0	0	0	1	0	0	00	0	06	00	00	2	0	00	00	00	316
F2	ADD12	373	6	0	0	1	1	0	0	10	0	06	00	00	2	0	00	01	15	165

F6	EXI10	374	5	0	0	0	1	0	1	00	0	32	00	00	0	0	00	00	00	376
F6	BRQ5	375	6	0	3	0	1	0	0	00	0	06	01	17	2	0	00	01	07	017
F6	EXI11	376	2	0	0	0	0	0	0	00	0	00	00	00	0	0	00	00	00	177
E1	EI1	377	2	0	0	0	0	0	0	00	0	00	00	00	0	0	00	00	00	240
