FLOWS	STATE	ADR	CON	FC1	FUB	MHR	FRD	ERD	SRD	SDR	CVM	NZM	CCC	GPC	CEE	CNT	EUB	CBR

E3	MUL7	000	0	0	0	0	0	0	0	0	0	0	0	0	0	0	00	1
E3	MUL19	001	0	0	0	0	0	0	3	0	0	0	0	0	0	1	00	1
E3	MUL2	002	0	0	0	0	0	0	0	0	0	0	0	0	0	0	01	1
E3	MUL4	003	0	0	0	0	0	0	0	0	0	0	0	0	0	0	01	1

F5	FDV1	004	0	0	0	0	0	0	0	0	0	2	4	0	0	0	14	0
E3	MUL16	005	0	0	0	0	0	1	1	0	1	0	1	0	0	0	00	0
F5	FDV2	006	0	0	0	0	0	0	0	0	0	0	0	6	0	0	00	0
E3	MUL12	007	0	0	0	0	0	1	1	0	0	0	0	0	0	0	04	0

E3	MUL15	010	0	0	0	0	0	0	0	0	1	0	1	0	0	0	00	0
E3	MUL18	011	0	0	0	0	0	0	0	0	0	3	4	0	0	0	00	0
E3	MUL14	012	0	0	0	0	0	0	0	0	5	0	1	0	0	0	00	0
E3	MUL17	013	0	0	0	0	0	0	0	0	5	2	5	0	0	0	00	0

E3	MUL1	014	0	0	0	0	0	0	0	0	5	0	1	0	0	2	00	0
E3	MUL3	015	0	0	0	0	0	0	0	3	0	0	0	0	0	0	00	0
E3	MUL13	016	0	0	0	0	0	0	0	0	2	3	6	0	0	0	00	0
F3	ADD23	017	0	0	0	0	0	0	2	0	0	0	0	4	0	0	00	0

E4	DIV20	020	0	0	0	0	0	0	0	0	0	3	4	0	0	0	03	0
E5	DIV23	021	0	0	0	0	0	1	3	0	0	0	0	0	0	0	02	0
E4	DIV4	022	0	0	0	0	0	0	0	0	1	1	7	0	0	0	00	0
E5	DIV33	023	0	0	0	0	0	1	3	0	0	0	0	0	0	0	02	0

E4	DIV13	024	0	0	0	0	0	0	0	0	0	0	0	0	0	0	00	1
E5	DIV27	025	0	0	0	0	0	1	3	0	0	0	0	0	0	0	00	0
E4	DIV7	026	0	0	0	0	0	0	0	0	0	0	0	0	0	0	00	0
E5	DIV31	027	0	0	0	0	0	1	3	0	0	0	0	0	0	0	00	0

E2	ASH2	030	0	0	0	0	0	0	0	0	5	2	7	0	0	0	00	0
E4	DIV16	031	0	0	0	0	0	1	2	2	0	0	0	0	0	1	00	1
F5	FDV21	032	0	0	0	0	0	0	1	0	0	0	0	0	0	1	00	0
E4	DIV11	033	0	0	0	0	0	0	0	0	0	0	0	0	0	0	00	0

E2	ASH5	034	0	0	0	0	0	0	0	0	0	0	0	0	0	1	10	0
E4	DIV19	035	0	0	0	0	0	1	2	2	0	0	0	2	0	1	00	1
E2	ASH3	036	0	0	0	0	0	0	0	0	0	0	0	0	0	1	10	0
E4	DIV12	037	0	0	0	0	0	0	0	0	1	0	2	0	0	0	00	0

E2	ASH9	040	0	0	0	0	0	1	3	0	0	0	0	0	0	0	00	0
F4	FML4	041	0	0	0	0	1	0	3	0	0	0	0	6	0	0	10	0
F5	FDV23	042	0	0	0	0	0	0	1	0	0	0	0	0	0	0	00	0
F4	FML3	043	0	0	0	0	0	0	0	0	0	0	0	0	0	0	00	1

E2	ASH16	044	0	0	0	0	0	0	0	0	0	0	0	0	0	1	10	0
E5	DIV25	045	0	0	0	0	0	1	1	0	0	0	0	0	0	0	00	1
E2	ASH10	046	0	0	0	0	0	0	0	0	0	0	0	0	0	1	10	0
E5	DIV29	047	0	0	0	0	0	1	3	0	0	0	0	0	0	0	00	0

E5	DIV37	050	0	0	0	0	0	1	1	0	0	0	0	0	0	0	00	0
E5	DIV40	051	0	0	0	0	0	0	0	0	5	2	7	0	0	0	00	0
E5	DIV35	052	0	0	0	0	0	1	3	0	0	0	0	0	0	0	00	0
E5	DIV26	053	0	0	0	0	0	0	0	0	5	2	7	0	0	0	00	0

E5	DIV41	054	0	0	0	0	0	0	0	0	1	0	2	0	0	0	00	0
E4	DIV2	055	0	0	0	0	0	0	0	0	0	0	0	0	0	2	04	1
E5	DIV42	056	0	0	0	0	0	0	0	0	0	0	0	0	0	0	00	0
E4	DIV8	057	0	0	0	0	0	0	0	3	0	0	0	4	0	0	00	1

E4	DIV9	060	0	0	0	0	0	0	0	0	1	1	7	0	0	0	03	0
E4	DIV10	061	0	0	0	0	0	0	2	0	0	0	0	0	0	0	00	0
E4	DIV15	062	0	0	0	0	0	0	2	0	0	0	0	0	0	0	00	0
E2	ASH4	063	0	0	0	0	0	0	0	0	7	0	1	0	0	1	10	1

F2	ADD3	064	0	0	0	3	0	0	0	0	4	0	1	0	0	0	10	1
E4	DIV17	065	0	0	0	0	0	0	0	0	0	0	0	0 ?	0	0	07	0
E4	DIV18	066	0	0	0	0	0	0	2	0	5	0	1	0	0	1	00	0
E2	ASH14	067	0	0	0	0	0	0	0	0	0	0	0	0	0	0	00	0

E5	DIV34	070	0	0	0	0	0	0	3	0	0	0	0	0	0	0	00	1
E5	DIV24	071	0	0	0	0	0	0	3	0	0	0	0	0	0	0	00	1
F2	ADD17	072	0	0	0	3	0	1	1	0	0	0	0	0	0	0	00	0
0	X	073	0	0	0	0	0	0	0	0	0	0	0	0	0	0	00	0

E5	DIV39	074	0	0	0	0	0	0	0	0	0	0	0	0	0	0	01	1
E3	MUL5	075	0	0	0	0	0	0	0	3	0	0	0	0	0	0	00	1
E4	DIV6	076	0	0	0	0	0	0	0	0	4	0	1	0	0	0	10	1
E2	ASH13	077	0	0	0	0	0	0	3	0	0	0	0	0	0	0	00	0

E1	EI0	100	0	0	0	0	0	0	0	0	0	0	0	0	0	0	17	1
E5	DIV28	101	0	0	0	0	0	0	3	0	0	0	0	0	0	0	00	1
E1	EI3	102	0	0	0	0	0	0	0	0	0	0	0	0	0	0	00	0
E5	DIV32	103	0	0	0	0	0	0	3	0	0	0	0	0	0	0	00	1

E5	DIV30	104	0	0	0	0	0	0	1	0	0	0	0	0	0	0	00	0
E5	DIV36	105	0	0	0	0	0	0	0	0	0	0	0	0	0	0	00	0
E5	DIV38	106	0	0	0	0	0	0	0	0	0	0	0	0	0	0	01	0
E5	DIV22	107	0	0	0	0	0	0	3	0	0	0	0	0	0	0	00	0

E3	MUL6	110	0	0	0	0	0	0	3	0	0	0	0	0	0	1	00	0
E3	MUL22	111	0	0	0	0	0	0	0	0	0	0	0	0	0	0	04	0
E3	MUL21	112	0	0	0	0	0	0	0	0	0	0	0	0	0	0	10	0
E3	MUL23	113	0	0	0	0	0	0	0	0	0	0	0	0	0	0	00	0

E3	MUL27	114	0	0	0	0	0	0	3	0	0	0	0	0	0	1	00	0
E3	MUL25	115	0	0	0	0	0	1	1	0	2	0	2	0	0	0	00	0
E3	MUL24	116	0	0	0	0	0	0	1	1	0	0	0	0	0	0	00	0
0	X	117	0	0	0	0	0	0	0	0	0	0	0	0	0	0	00	0

F2	ADD0	120	0	0	0	0	0	0	0	0	0	0	0	0	0	0	03	0
F1	FP1	121	0	0	0	0	0	0	0	0	0	0	0	0	0	0	00	1
F2	SUB0	122	0	0	0	0	1	0	0	0	0	0	0	0	0	0	00	1
E2	ASH6	123	0	0	0	0	0	0	0	0	3	0	3	0	0	1	10	1

F4	FML0	124	0	0	0	0	0	0	0	0	0	0	0	0	0	0	00	1
F1	FP2	125	0	0	0	0	0	0	0	3	0	0	0	0	0	0	00	0
F5	FDV0	126	0	0	0	0	0	0	0	0	0	0	0	0	0	0	00	1
E2	ASH20	127	0	0	0	0	0	0	0	0	0	2	4	0	0	0	00	0

F4	FML1	130	0	0	1	0	0	0	0	0	0	2	4	0	0	0	02	0
F1	FP3	131	0	0	0	0	0	0	0	0	0	0	0	0	0	0	00	0
F4	FML2	132	0	0	0	0	0	0	3	0	0	0	0	6	0	0	00	0
E3	MUL9	133	0	0	0	0	0	1	3	1	2	0	1	2	0	1	10	1

F5	FDV20	134	0	0	0	3	0	0	0	0	0	0	0	0	0	0	00	1
F1	FP5	135	0	0	0	0	0	0	0	0	0	0	0	0	0	0	00	0
F6	NOM6	136	0	0	0	0	0	0	0	0	0	0	0	0	0	0	10	0
E3	MUL10	137	0	0	0	0	0	1	3	0	0	0	0	0	0	0	00	0

F6	NOM14	140	0	0	0	1	0	0	0	1	0	0	0	0	0	0 ?	00	1
E3	MUL26	141	0	0	0	0	0	0	0	0	1	3	5	0	0	0	00	0
F6	EXI0	142	0	0	0	0	1	0	2	0	0	0	0	0	0	0	00	1
E3	MUL11	143	0	0	0	0	0	1	3	0	2	0	2	0	0	0	04	0

F1	FP12	144	0	0	0	0	0	0	1	0	0	0	0	0	0	0	00	0
E1	DST12	145	0	0	0	0	0	0	0	0	0	0	0	0	0	0	00	0
F1	FP10	146	0	0	1	0	0	0	0	0	0	0	0	0	0	0	00	1
E4	DIV14	147	0	0	0	0	0	0	0	3	0	0	0	0	0	0	00	1

F4	FML5	150	0	0	0	0	0	0	0	0	0	0	0	0	0	0	00	0
F1	FP4	151	0	0	0	0	0	0	0	0	4	0	1	0	0	0	00	0
0	X	152	0	0	0	0	0	0	0	0	0	0	0	0	0	0	00	0
E4	DIV20	153	0	0	0	0	0	1	2	2	0	0	0	2	0	1	10	1

F6	NOM1	154	0	0	1	0	0	0	0	0	0	0	0	1	0	0	04	0
F1	FP6	155	0	0	0	0	0	0	0	0	0	0	0	4	0	0	10	0
F6	NOM8	156	0	0	0	0	1	0	1	0	4	0	1	0	0	0	00	1
E5	DIV21	157	0	0	0	0	0	1	3	0	0	0	0	0	0	0	12	0

F5	FDV6	160	0	0	0	0	1	0	3	0	0	0	0	6	0	0	00	0
F6	EXI4	161	2	0	0	0	1	0	3	0	1	3	6	0	0	0	00	0
F5	FDV5	162	0	0	0	0	0	0	0	0	0	0	0	0	0	0	00	1
F2	ADD13	163	0	0	0	0	0	0	0	0	0	2	4	0	0	2	00	0

F2	ADD5	164	0	0	0	0	0	0	0	0	0	0	0	0	0	0	00	0
F2	ADD6	165	0	0	0	0	0	0	0	0	0	0	0	4	0	0	00	0
F5	FDV3	166	1	0	0	0	1	0	3	0	1	0	1	0	0	0	00	0
E3	MUL20	167	0	0	0	0	0	0	3	0	0	0	0	0	0	0	05	0

E1	DST4	170	0	0	0	0	0	0	0	0	0	0	0	0	0	0	16	0
F5	FDV11	171	0	0	0	7	0	0	0	0	0	0	0	0	0	0	00	1
F4	FML8	172	0	0	0	7	0	0	0	0	0	0	0	0	0	0	00	1
F5	FDV13	173	0	0	1	0	0	1	1	3	4	0	1	2	0	0	05	1

F6	NOM9	174	0	0	0	3	0	0	1	0	0	0	0	0	0	0	00	0
F1	FP7	175	0	0	0	0	0	0	0	0	0	0	0	0	0	0	10	0
F6	NOM3	176	0	1	0	3	0	0	1	3	0	2	4	0	0	0	00	0
F2	ASH15	177	0	0	0	0	0	1	0	0	0	0	0	0	1	0	00	0

F2	ADD39	200	0	0	0	0	0	0	1	0	0	0	0	0	0	0	00	0
E3	MUL0	201	0	0	0	0	0	0	0	0	0	0	0	0	0	0	03	1
F2	ADD7	202	0	0	0	0	0	0	0	0	0	0	0	0	0	0	00	0
E4	DIV0	203	0	0	0	0	0	0	0	0	0	0	0	0	0	0	00	1

E3	MUL8	204	0	0	0	0	0	0	0	3	0	0	0	0	0	0	00	1
E2	ASH0	205	0	0	0	0	0	0	0	0	0	0	0	0	0	2	13	0
E2	ASH19	206	0	0	0	0	0	1	3	0	0	0	0	0	0	0	00	0
E2	ASH7	207	0	0	0	0	0	0	0	0	2	0	2	0	0	2	13	1

F4	FML9	210	0	0	0	3	0	0	0	0	0	0	0	0	0	0	00	1
F5	FDV24	211	0	0	0	0	0	1	1	3	4	0	1	0	0	0	00	1
F4	FML10	212	2	0	0	0	0	0	3	3	0	0	0	0	0	0	00	0
F4	FML11	213	0	0	1	0	0	1	3	0	0	0	0	0	0	1	01	0

F6	NOM11	214	0	0	0	0	0	0	0	3	0	0	0	0	0	0	00	0
F2	ADD16	215	0	0	0	0	0	0	0	0	0	0	0	0	0	0	00	1
F6	NOM12	216	0	0	1	1	0	0	0	1	0	0	0	1	0	0	04	1
F4	FML18	217	0	0	0	0	0	1	1	3	0	0	0	0	0	0	00	1

F6	EXI7	220	0	0	0	0	1	0	1	0	0	0	0	0	0	0	00	0
E1	DST15	221	0	0	0	0	0	0	0	0	0	0	0	0	0	0	00	0
F6	EXI3	222	2	0	0	0	0	0	3	0	0	0	0	0	0	0	00	1
E2	ASH11	223	0	0	0	0	0	0	1	1	2	0	1	0	0	1	10	1

F6	EXI12	224	2	0	0	0	0	0	3	0	0	0	0	0	0	0	00	1
F2	ADD10	225	0	0	0	0	0	0	0	0	0	0	0	4	0	0	00	1
F2	ADD15	226	0	0	0	0	1	0	1	0	0	0	0	0	0	2	00	0
E2	ASH12	227	0	0	0	0	0	1	1	0	0	0	0	0	0	0	00	0

F4	FML16	230	0	0	0	0	0	0	1	0	0	0	0	7	0	0	10	0
E4	DIV3	231	0	0	0	0	0	0	0	0	0	0	0	0	0	0	00	0
F4	FML12	232	0	0	0	5	0	0	0	1	0	0	0	7	0	0	10	1
F3	ADD35	233	0	0	0	0	0	1	1	0	0	0	0	0	0	0	00	0

F6	NOM13	234	0	0	0	0	0	0	0	0	0	0	0	0	0	0	00	1
F1	FP9	235	0	0	1	0	1	0	3	0	0	0	0	0	0	0	00	0
F6	EXI1	236	1	0	0	0	1	0	3	0	0	0	0	0	0	0	11	0
F3	ADD25	237	0	0	0	0	0	0	0	0	0	0	0	7	0	1	10	0

E1	EI2	240	0	0	0	0	0	0	0	0	0	0	0	0	1	0	00	0
E1	DST16	241	0	0	0	0	0	0	0	0	0	0	0	0	0	0	00	0
F1	FP0	242	0	0	0	0	0	0	0	0	0	0	0	0	0	0	00	0
E2	ASH17	243	0	0	0	0	0	0	1	2	3	0	3	3	0	1	10	1

F1	FP13	244	0	0	0	7	0	0	0	0	0	2	4	0	0	0	00	0
F2	ADD11	245	0	0	0	0	0	0	0	3	0	3	4	0	0	0	00	0
F1	FP14	246	0	0	0	0	0	1	1	0	0	0	0	0	0	0	15	0
F2	ASH18	247	0	0	0	0	0	1	1	0	0	0	0	0	0	0	00	0

F4	FML17	250	2	0	0	0	0	1	1	3	0	0	0	4	0	0	00	1
F2	ADD1	251	0	0	0	0	0	0	0	0	4	0	1	0	0	0	00	0
F1	FP11	252	0	0	0	0	0	0	1	0	0	0	0	0	0	0	00	0
F4	BRQ2	253	2	0	0	0	1	0	3	0	0	0	0	0	0	0	00	0

F6	EXI2	254	0	1	0	0	0	0	0	0	0	0	0	0	0	0	00	0
F1	FP15	255	0	0	0	0	1	0	0	0	0	0	0	0	0	0	00	1
F6	EXI5	256	0	0	0	0	0	1	0	0	0	0	0	0	1	0	00	0
F4	BRQ3	257	2	0	0	0	1	0	3	0	0	0	0	0	0	0	00	0

E1	DST0	260	0	0	0	0	0	0	0	0	0	0	0	0	0	0	16	0
E1	DST1	261	0	0	0	0	0	0	0	0	0	0	0	0	0	0	00	1
E1	DST10	262	0	0	0	0	0	0	0	0	0	0	0	0	0	0	16	0
F4	FML7	263	0	0	0	0	0	0	0	0	0	0	0	0	0	2	00	1

E1	DST2	264	0	0	0	0	0	0	0	0	0	0	0	0	0	0	00	0
E1	DST6	265	3	0	0	0	0	0	0	0	0	0	0	0	0	0	00	0
E1	DST5	266	0	0	0	0	0	0	0	0	0	0	0	0	0	0	00	0
F5	FDV10	267	0	0	0	0	0	0	0	3	0	0	0	0	0	0	00	1

E1	DST3	270	0	0	0	0	0	0	0	0	0	0	0	0	0	0	00	0
E1	DST8	271	0	0	0	0	0	0	0	0	0	0	0	0	0	0	00	1
E1	DST9	272	0	0	0	0	0	0	0	0	0	0	0	0	0	0	00	0
F6	NOM10	273	0	0	0	0	0	1	1	0	0	0	0	4	0	0	10	1

E1	DST11	274	0	0	0	0	0	0	0	0	0	0	0	0	0	0	00	0
E1	DST13	275	0	0	0	0	0	0	0	0	0	0	0	0	0	0	16	0
E1	DST14	276	0	0	0	0	0	0	0	0	0	0	0	0	0	0	00	0
F4	FML15	277	0	0	0	0	0	1	1	3	4	0	1	0	0	0	00	1

F2	ADD2	300	0	0	0	0	0	0	0	0	0	0	0	0	0	0	05	1
F2	ADD18	301	0	0	0	0	0	0	0	0	0	0	0	0	0	0	10	1
F2	ADD4	302	0	0	0	0	0	0	0	0	0	0	0	0	0	0	00	0
E4	DIV1	303	0	0	0	0	0	0	0	0	0	0	0	0	0	0	00	0

F4	FML13	304	2	0	0	0	0	0	0	0	0	0	0	0	0	0	00	0
F6	NOM7	305	0	0	0	1	0	0	1	1	0	0	0	0	0	0	10	0
F4	FML14	306	0	0	0	0	0	0	1	0	0	0	0	0	0	0	00	0
F6	NOM5	307	0	0	1	2	0	0	0	2	0	0	0	5	0	0	04	0

F2	ADD21	310	0	0	0	0	0	0	0	0	0	0	0	0	0	0	00	0
E2	ASH1	311	0	0	0	0	0	0	0	0	2	0	1	0	0	1	00	1
F5	FDV19	312	0	0	0	0	1	0	0	0	0	0	0	0	0	0	00	1
F3	ADD27	313	2	0	0	1	0	0	1	1	0	0	0	7	0	1	10	0

F3	ADD33	314	0	0	0	0	1	0	1	3	0	2	4	0	0	0	00	0
F3	ADD32	315	0	0	0	0	0	1	1	0	0	0	0	4	0	0	10	1
F5	FDV16	316	0	0	0	6	0	1	2	2	0	0	0	0	0	0	00	1
F3	ADD30	317	0	0	0	0	1	0	1	0	4	0	1	0	0	0	00	1

F2	ADD8	320	0	0	0	0	0	0	0	0	0	0	0	0	0	0	00	1
F2	ADD19	321	0	0	0	0	0	0	0	3	0	0	0	0	0	0	00	0
F2	ADD9	322	0	0	0	3	0	0	0	0	0	0	0	0	0	0	00	0
E2	ASH21	323	0	0	0	0	0	0	0	0	0	0	0	0	0	0	00	0

F6	NOM4	324	0	0	0	0	0	0	0	0	0	0	0	0	0	0	00	0
F2	ADD20	325	0	0	0	0	0	0	0	0	0	0	0	0	0	0	00	0
F6	NOM2	326	0	0	0	0	0	0	0	0	0	0	0	0	0	0	00	1
F6	NOM0	327	0	0	0	0	0	0	0	0	0	0	0	0	0	0	04	1

F4	FML19	330	0	0	0	3	0	0	0	0	0	0	0	0	0	0	00	1
F5	FDV14	331	0	0	0	0	0	0	1	0	0	0	0	0	0	1	10	0
F6	EXI14	332	0	0	0	0	0	0	0	0	5	2	5	0	0	0	00	0
F5	FDV12	333	0	0	0	0	0	0	1	0	0	0	0	7	0	0	00	0

F3	ADD34	334	0	0	0	0	0	0	1	0	4	0	1	0	0	0	03	1
F3	ADD37	335	0	0	0	0	1	0	1	3	0	0	0	0	0	0	00	0
F6	EXI8	336	0	0	0	0	0	1	3	0	0	0	0	0	0	0	00	0
F5	FDV17	337	0	0	0	0	1	0	1	0	0	0	0	0	0	0	00	1

F3	ADD22	340	0	0	1	0	0	0	0	0	4	0	1	0	0	1	03	1
F3	ADD26	341	0	0	0	0	0	0	0	0	0	0	0	0	0	1	10	0
F2	ADD14	342	0	0	0	0	0	0	0	0	0	0	0	0	0	0	10	1
F3	ADD28	343	0	0	0	2	0	0	1	2	0	0	0	5	0	0	00	0

F5	FDV7	344	3	0	0	0	0	0	3	0	0	0	0	0	0	0	10	0
0	X	345	0	0	0	0	0	0	0	0	0	0	0	0	0	0	00	0
F5	FDV8	346	3	0	0	0	1	0	3	0	0	0	0	0	0	0	00	1
F3	ADD31	347	0	0	0	3	0	0	1	0	0	0	0	0	0	0	00	0

F5	FDV4	350	0	0	0	0	0	0	1	0	0	0	0	0	0	0	00	0
E2	ASH8	351	0	0	0	0	0	0	3	3	0	0	0	0	0	1	00	1
F5	FDV18	352	0	0	0	0	0	0	0	3	0	0	0	0	0	0	00	0
F3	BRQ0	353	2	0	0	0	1	0	3	0	0	0	0	0	0	0	00	0

F6	EXI6	354	0	0	0	0	0	0	0	0	0	0	0	0	0	0	00	0
F4	BRQ4	355	0	0	0	0	0	0	0	0	0	0	0	0	1	0	00	0
F6	EXI9	356	0	1	0	0	0	0	0	0	0	0	0	0	0	0	00	0
F3	BRQ1	357	2	0	0	0	1	0	3	0	0	0	0	0	0	0	00	0

F3	ADD38	360	0	0	0	1	0	0	0	1	0	0	0	0	0	0	00	0
F3	ADD24	361	0	0	1	0	0	1	2	0	0	0	0	0	0	0	02	1
F3	ADD36	362	0	0	0	3	0	0	1	0	0	0	0	4	0	0	00	1
F3	ADD29	363	0	0	0	3	0	0	0	0	0	0	0	0	0	0	10	1

F5	FDV9	364	0	0	0	0	0	0	0	0	0	0	0	0	0	2	00	1
F4	FML6	365	3	0	0	0	1	0	3	0	0	0	0	0	0	0	00	1
E1	DST7	366	0	0	0	0	0	0	0	0	0	0	0	0	0	0	16	0
F1	FP8	367	0	0	0	0	0	0	3	0	0	2	4	0	0	0	04	0

F5	FDV15	370	0	0	0	0	0	1	1	3	4	0	1	4	0	0	10	1
F5	BRQ6	371	2	0	0	0	1	0	3	0	0	0	0	0	0	0	00	0
F5	FDV22	372	0	0	0	0	0	1	1	3	4	0	1	4	0	0	10	1
F2	ADD12	373	0	0	0	0	0	0	0	0	0	0	0	0	0	0	01	1

F6	EXI10	374	0	0	0	0	0	0	0	0	0	0	0	0	0	0	00	0
F6	BRQ5	375	0	0	0	0	0	0	0	0	0	0	0	0	0	0	00	0
F6	EXI11	376	0	0	0	0	0	0	0	0	5	2	7	0	0	0	00	0
E1	EI1	377	0	0	0	0	0	0	0	0	0	0	7	0	0	0	00	0
