FLOWS	STATE	ADR	MM

01	FET01	000	17
01	FET03	001	17
10	SER01	002	17
04	MOV21	003	17

01	FET04	004	17
01	FET05	005	17
10	SER04	006	17
06	TRP08	007	13

06	TRP06	010	17
11	CON01	011	17
10	SER06	012	17
01	FET00	013	17

10	SER09	014	17
10	SER05	015	17
01	FET02	016	17
10	SER02	017	17

10	SER07	020	17
10	SER08	021	17
10	SER10	022	17
10	SER11	023	17

11	CON03	024	17
06	RST01	025	17
11	CON04	026	17
11	CON07	027	17

11	CON05	030	17
12	EXM06	031	17
12	STA00	032	17
12	LAD03	033	17

12	DEP00	034	17
12	EXM00	035	17
12	CNT00	036	17
12	LAD00	037	17

06	RST02	040	17
11	CON02	041	17
06	RST04	042	17
06	RST03	043	17

11	CON08	044	17
11	CON10	045	17
11	CON06	046	17
11	CON09	047	17

11	CON11	050	17
12	LAD01	051	17
12	LAD02	052	17
12	EXM01	053	17

12	EXM02	054	17
12	EXM05	055	17
12	EXM04	056	17
12	EXM03	057	17

12	EXM07	060	17
12	EXM08	061	17
2	DEP01	062	17
12	DEP02	063	17

12	DEP03	064	17
12	DEP04	065	17
12	DEP05	066	17
12	DEP06	067	17

12	DEP07	070	17
12	DEP08	071	17
12	DEP09	072	17
12	DEP10	073	17

08	DOP21	074	17
09	SSL11	075	17
12	STA01	076	17
06	TRP15	077	13

01	FET07	100	17
06	RTI00	101	17
07	DOP02	102	17
07	DOP00	103	17

07	SSL02	104	17
07	SSL00	105	17
09	RSR00	106	17
09	RSR02	107	17

07	NBR00	110	17
07	BRA00	111	17
05	MRK00	112	17
06	TRP12	113	13

10	SER00	114	17
06	TRP09	115	11
07	CCC00	116	17
07	SCC00	117	17

08	DOP15	120	17
08	DOP13	121	17
11	CON00	122	17
10	SER03	123	17

06	RTS00	124	17
04	MOV22	125	17
06	TRP06	126	17
06	RST00	127	17

07	SOB00	130	17
0	X	131	17
08	SXT00	132	17
0	X	133	17

07	SWB00	134	17
07	SWB01	135	17
01	FET06	136	17
02	SRC16	137	17

06	TRP16	140	15
02	SRC00	141	03
02	SRC01	142	03
02	SRC04	143	17

02	SRC02	144	03
02	SRC05	145	17
02	SRC06	146	17
02	SRC09	147	17

06	TRP07	150	17
05	JMP00	151	17
05	JMP01	152	17
05	JMP05	153	17

05	JMP03	154	17
05	JMP06	155	17
05	JMP08	156	17
05	JMP07	157	17

04	MOV19	160	17
03	DST00	161	16
03	DST01	162	16
03	DST04	163	17

03	DST02	164	16
03	DST05	165	17
03	DST07	166	17
03	DST06	167	17

04	MOV18	170	17
04	MOV00	171	17
04	MOV01	172	17
04	MOV03	173	17

04	MOV02	174	17
04	MOV04	175	17
04	MOV06	176	17
04	MOV05	177	17

04	MOV16	200	06
04	MOV17	201	06
04	MOV14	202	17
04	MOV13	203	17

04	MOV20	204	07
04	MOV15	205	16
04	MOV08	206	17
04	MOV11	207	17

04	MOV12	210	17
09	SSL10	211	17
04	MOV09	212	17
04	MOV10	213	17

06	TRP05	214	17
06	TRP02	215	13
06	TRP04	216	17
01	FET08	217	17

09	SSL06	220	16
09	SSL04	221	16
09	SSL08	222	17
09	SSL07	223	17

08	DOP07	224	16
08	DOP08	225	16
08	DOP04	226	17
08	DOP05	227	17

08	DOP09	230	17
08	DOP10	231	17
09	RSR06	232	17
09	RSR08	233	17

08	SXT01	234	16
05	JMP02	235	17
09	SSL05	236	16
03	DST16	237	17

02	SRC03	240	17
02	SRC07	241	17
02	SRC08	242	03
02	SRC10	243	17

02	SRC11	244	17
02	SRC12	245	17
02	SRC13	246	03
02	SRC14	247	17

02	SRC15	250	17
02	SRC17	251	17
01	FET09	252	17
09	SSL12	253	17

08	DOP22	254	17
11	CON12	255	17
0	X	256	17
08	MOV07	257	17

03	DST03	260	17
03	DST09	261	17
03	DST10	262	16
03	DST11	263	17

03	DST12	264	17
03	DST13	265	16
03	DST14	266	17
03	DST15	267	17

03	DST17	270	17
09	RSR01	271	17
09	RSR03	272	17
09	RSR04	273	17

09	RSR05	274	17
09	RSR07	275	16
09	RSR09	276	16
09	RSR10	277	17

05	JMP04	300	17
05	JMP09	301	17
05	JMP10	302	17
05	JMP11	303	17

05	JMP14	304	17
05	JMP15	305	17
05	JMP12	306	17
05	JSR00	307	17

05	JSR01	310	17
05	JSR02	311	17
05	JSR03	312	17
05	JMP13	313	17

0	X	314	17
11	CON13	315	17
0	X	316	17
06	TRP01	317	17

06	RTI01	320	17
06	RTI02	321	17
06	RTI03	322	17
06	RTS01	323	17

06	RTS02	324	17
06	RTS03	325	17
06	TRP10	326	13
06	TRP11	327	13

06	TRP13	330	13
06	TRP14	331	13
06	TRP20	332	13
06	TRP21	333	17

06	TRP18	334	17
06	TRP19	335	17
06	TRP00	336	17
06	TRP17	337	17

07	BRA01	340	17
07	BRA02	341	17
07	SOB01	342	17
07	SOB02	343	17

07	SOB03	344	17
07	SOB05	345	17
07	SOB04	346	17
07	SOB06	347	17

07	CCC01	350	17
07	CCC02	351	17
07	SCC01	352	17
05	MRK01	356	17

05	MRK02	354	17
05	MRK03	355	17
05	MRK04	356	17
05	MRK05	357	17

08	DOP19	360	17
08	DOP18	361	17
08	DOP17	362	17
07	DOP01	363	17

08	DOP03	364	17
08	DOP06	365	16
08	DOP11	366	16
08	DOP12	367	17

08	DOP14	370	17
08	DOP16	371	17
07	SSL01	372	17
07	SSL03	373	17

09	SSL09	374	16
08	DOP20	375	17
09	RSR11	376	17
0	X	377	17
